0.002185
