0.004854
